1 0.0000 2.4633 2.4633 0 2.463 2.463 2.463
101 0.0010 2.0774 2.0780 0 2.350 2.411 2.463
201 0.0020 1.4170 1.4178 1 2.040 2.131 2.463
301 0.0030 1.0623 0.9558 1 1.761 1.757 2.463
401 0.0040 0.6455 0.6445 2 1.526 1.382 2.463
501 0.0050 0.6257 0.5046 2 1.335 1.060 2.463
601 0.0060 0.5538 0.5791 2 1.211 0.874 2.463
701 0.0070 0.6035 0.6596 2 1.122 0.760 2.463
801 0.0080 0.6903 0.5451 2 1.064 0.719 2.463
901 0.0090 0.4743 0.4354 3 1.005 0.643 2.463
1001 0.0100 0.3431 0.3005 2 0.941 0.532 2.463
1101 0.0110 0.3830 0.2029 3 0.884 0.446 2.463
1201 0.0120 0.6607 0.1858 2 0.842 0.424 2.463
1301 0.0130 0.5330 0.4548 2 0.813 0.439 2.463
1401 0.0140 0.3131 0.2514 2 0.783 0.419 2.463
1501 0.0150 0.3344 0.1913 4 0.749 0.358 2.463
1601 0.0160 0.3748 -0.0802 4 0.714 0.294 2.463
1701 0.0170 1.2677 -0.1557 3 0.698 0.356 2.463
1801 0.0180 1.4689 0.2188 4 0.702 0.523 2.463
1901 0.0190 1.1525 -0.0133 4 0.703 0.595 2.463
2001 0.0200 0.9211 -0.0163 4 0.694 0.565 2.463
2101 0.0210 0.7361 0.0648 2 0.681 0.507 2.463
2201 0.0220 0.6746 0.2941 4 0.667 0.461 2.463
2301 0.0230 0.7721 1.0842 4 0.670 0.572 2.463
2401 0.0240 0.8697 1.3675 3 0.687 0.774 2.463
2501 0.0250 1.2681 1.0633 3 0.703 0.902 2.463
2601 0.0260 1.4534 1.2592 5 0.727 1.066 2.463
2701 0.0270 1.3004 1.3157 4 0.747 1.154 2.463
2801 0.0280 1.4719 1.5991 3 0.770 1.248 2.463
2901 0.0290 1.4142 1.5601 4 0.797 1.365 2.463
3001 0.0300 1.2447 1.7617 5 0.820 1.413 2.463
3101 0.0310 1.0932 2.1082 4 0.843 1.460 2.463
3201 0.0320 1.0670 2.3479 3 0.868 1.543 2.463
3301 0.0330 1.3087 2.1348 5 0.894 1.605 2.463
3401 0.0340 1.1672 2.2893 7 0.919 1.663 2.463
3501 0.0350 1.1860 2.2384 5 0.941 1.673 2.463
3601 0.0360 1.1947 2.3112 5 0.962 1.690 2.463
3701 0.0370 1.2187 2.2768 4 0.983 1.699 2.463
3801 0.0380 1.8306 2.7201 6 1.008 1.809 2.463
3901 0.0390 1.7824 2.7386 5 1.041 2.001 2.463
4001 0.0400 1.4224 2.4674 5 1.069 2.049 2.463
4101 0.0410 1.3671 2.3384 6 1.088 1.974 2.463
4201 0.0420 1.6492 2.4902 8 1.109 1.973 2.463
4301 0.0430 1.7069 2.3623 6 1.132 2.019 2.463
4401 0.0440 1.4095 1.9471 6 1.148 1.946 2.463
4501 0.0450 1.0210 1.6882 5 1.155 1.759 2.463
4601 0.0460 0.9586 2.0119 6 1.159 1.596 2.463
4701 0.0470 0.7136 2.1551 3 1.167 1.566 2.463
4801 0.0480 0.7593 2.1668 5 1.174 1.535 2.463
4901 0.0490 0.6512 1.9075 5 1.177 1.451 2.463
5001 0.0500 0.7833 1.7735 5 1.179 1.385 2.463
5101 0.0510 0.8621 1.9618 7 1.182 1.363 2.463
5201 0.0520 0.7080 2.0825 3 1.186 1.377 2.463
5301 0.0530 0.6904 2.0886 6 1.190 1.385 2.463
5401 0.0540 0.9395 1.7639 5 1.194 1.382 2.463
5501 0.0550 0.7746 1.8352 8 1.195 1.345 2.463
5601 0.0560 0.7117 1.7874 5 1.198 1.331 2.463
5701 0.0570 0.7382 1.5783 4 1.198 1.287 2.463
5801 0.0580 0.5251 1.5524 5 1.196 1.205 2.463
5901 0.0590 0.3025 1.4212 6 1.191 1.086 2.463
6001 0.0600 0.2271 1.3670 5 1.186 1.002 2.463
6101 0.0610 0.0201 1.4397 6 1.179 0.903 2.463
6201 0.0620 0.0470 1.4951 7 1.172 0.835 2.463
6301 0.0630 0.1928 1.4154 5 1.165 0.809 2.463
6401 0.0640 0.2829 1.4055 5 1.160 0.821 2.463
6501 0.0650 0.1536 1.4543 4 1.155 0.817 2.463
6601 0.0660 0.0968 1.6991 5 1.150 0.838 2.463
6701 0.0670 0.1849 1.9376 4 1.148 0.911 2.463
6801 0.0680 0.3652 2.0335 5 1.148 1.010 2.463
6901 0.0690 0.2930 2.2460 6 1.150 1.100 2.463
7001 0.0700 0.2986 2.5306 5 1.153 1.208 2.463
7101 0.0710 0.3856 2.6614 8 1.156 1.282 2.463
7201 0.0720 0.5385 2.6726 8 1.162 1.402 2.463
7301 0.0730 0.4000 3.0265 6 1.169 1.522 2.463
7401 0.0740 0.2819 2.8148 5 1.175 1.552 2.463
7501 0.0750 0.5212 2.9035 6 1.181 1.586 2.463
7601 0.0760 0.4774 2.8714 5 1.189 1.642 2.463
7701 0.0770 0.3019 2.9102 6 1.195 1.642 2.463
7801 0.0780 0.5166 2.9580 4 1.200 1.640 2.463
7901 0.0790 0.6204 2.6555 6 1.206 1.658 2.463
8001 0.0800 0.8006 2.4598 6 1.211 1.637 2.463
8101 0.0810 1.0390 2.6040 7 1.217 1.667 2.463
8201 0.0820 0.9055 2.4981 6 1.225 1.717 2.463
8301 0.0830 0.9466 2.1497 4 1.230 1.685 2.463
8401 0.0840 1.0436 2.0712 6 1.233 1.632 2.463
8501 0.0850 1.2333 2.1660 7 1.238 1.636 2.463
8601 0.0860 1.5674 2.4687 4 1.246 1.734 2.463
8701 0.0870 1.1253 2.3581 7 1.253 1.800 2.463
8801 0.0880 1.2066 2.0907 6 1.258 1.739 2.463
8901 0.0890 1.4900 1.8165 5 1.262 1.696 2.463
9001 0.0900 2.0566 2.0133 8 1.268 1.761 2.463
9101 0.0910 5.0453 2.2838 7 1.287 2.257 3.665
9201 0.0920 6.2172 2.6292 7 1.316 2.964 4.423
9301 0.0930 6.3313 2.5358 6 1.351 3.587 4.605
9401 0.0940 5.2371 2.2157 5 1.380 3.770 4.605
9501 0.0950 4.5191 1.9725 5 1.402 3.647 4.605
9601 0.0960 4.0350 2.5356 5 1.421 3.491 4.605
9701 0.0970 3.8336 2.7129 5 1.440 3.391 4.605
9801 0.0980 3.6292 2.8579 6 1.459 3.365 4.605
9901 0.0990 2.7424 2.8515 5 1.475 3.228 4.605
10001 0.1000 2.3326 2.9009 5 1.487 3.009 4.605
10101 0.1010 2.2845 2.5557 5 1.498 2.818 4.605
10201 0.1020 2.0267 2.4615 6 1.505 2.599 4.605
10301 0.1030 1.9675 2.2397 4 1.512 2.444 4.605
10401 0.1040 1.7553 2.0643 6 1.517 2.265 4.605
10501 0.1050 1.5339 1.9180 5 1.519 2.074 4.605
10601 0.1060 1.5225 2.1593 8 1.521 1.940 4.605
10701 0.1070 1.6957 2.6467 7 1.526 1.979 4.605
10801 0.1080 1.5525 3.3722 6 1.533 2.115 4.605
10901 0.1090 1.2785 3.3781 6 1.542 2.230 4.605
11001 0.1100 1.0177 3.3748 7 1.548 2.223 4.605
11101 0.1110 1.0155 3.4190 6 1.554 2.241 4.605
11201 0.1120 1.0527 3.1191 8 1.560 2.216 4.605
11301 0.1130 1.2016 2.7746 9 1.564 2.127 4.605
11401 0.1140 1.5894 2.6071 9 1.568 2.096 4.605
11501 0.1150 2.1981 2.6461 9 1.574 2.174 4.605
11601 0.1160 2.6492 2.5553 8 1.582 2.317 4.605
11701 0.1170 2.6847 2.3490 8 1.591 2.429 4.605
11801 0.1180 3.2032 2.5359 5 1.600 2.538 4.605
11901 0.1190 3.7538 2.5460 6 1.613 2.758 4.605
12001 0.1200 3.9040 2.2581 9 1.625 2.881 4.605
12101 0.1210 4.2770 2.1055 8 1.638 2.984 4.605
12201 0.1220 4.7163 2.2435 8 1.652 3.131 4.605
12301 0.1230 4.5229 2.2759 9 1.666 3.267 4.605
12401 0.1240 3.8435 2.0987 6 1.679 3.228 4.605
12501 0.1250 3.5864 2.2675 5 1.689 3.115 4.605
12601 0.1260 3.1655 1.7758 5 1.697 2.952 4.605
12701 0.1270 2.6780 1.5570 3 1.701 2.672 4.605
12801 0.1280 2.6786 1.4657 6 1.704 2.429 4.605
12901 0.1290 2.6272 1.7072 8 1.707 2.306 4.605
13001 0.1300 2.3361 1.9830 4 1.711 2.254 4.605
13101 0.1310 2.3719 1.6451 5 1.714 2.192 4.605
13201 0.1320 2.4761 1.8023 7 1.717 2.154 4.605
13301 0.1330 2.6256 1.4638 2 1.719 2.121 4.605
13401 0.1340 2.7991 1.8162 5 1.723 2.160 4.605
13501 0.1350 2.8259 1.8858 7 1.728 2.236 4.605
13601 0.1360 2.8356 2.3484 7 1.733 2.336 4.605
13701 0.1370 2.8050 2.7970 6 1.740 2.490 4.605
13801 0.1380 2.3140 2.2630 7 1.747 2.525 4.605
13901 0.1390 2.0194 2.1070 6 1.749 2.342 4.605
14001 0.1400 1.6543 2.1144 4 1.751 2.206 4.605
14101 0.1410 1.6294 2.2624 6 1.751 2.061 4.605
14201 0.1420 1.9475 2.4279 7 1.754 2.070 4.605
14301 0.1430 1.8287 2.2774 7 1.757 2.103 4.605
14401 0.1440 2.2753 2.1964 6 1.759 2.087 4.605
14501 0.1450 3.2122 2.0372 7 1.764 2.280 4.605
14601 0.1460 3.4274 2.9064 7 1.771 2.500 4.605
14701 0.1470 3.7237 2.9060 7 1.782 2.815 4.605
14801 0.1480 4.0042 3.0908 6 1.793 3.055 4.605
14901 0.1490 4.0215 2.8397 8 1.804 3.231 4.605
15001 0.1500 4.1673 2.8459 9 1.815 3.296 4.605
15101 0.1510 4.3447 2.9572 8 1.827 3.415 4.605
15201 0.1520 4.4088 2.9313 7 1.839 3.518 4.605
15301 0.1530 3.6971 3.0542 8 1.850 3.522 4.605
15401 0.1540 3.4398 2.9262 6 1.859 3.391 4.605
15501 0.1550 3.5106 2.5692 6 1.867 3.286 4.605
15601 0.1560 3.1981 2.2011 5 1.873 3.124 4.605
15701 0.1570 2.9264 1.6245 5 1.877 2.853 4.605
15801 0.1580 2.8613 1.1847 5 1.879 2.572 4.605
15901 0.1590 2.6146 0.8854 5 1.879 2.290 4.605
16001 0.1600 2.8094 0.6532 5 1.878 2.050 4.605
16101 0.1610 3.3313 0.5111 4 1.877 1.975 4.605
16201 0.1620 3.4982 0.3242 8 1.878 1.950 4.605
16301 0.1630 3.7090 0.1881 6 1.878 1.941 4.605
16401 0.1640 5.0119 0.1354 7 1.880 2.079 4.605
16501 0.1650 5.3397 0.2989 8 1.886 2.355 4.605
16601 0.1660 5.4197 0.5186 6 1.892 2.556 4.605
16701 0.1670 5.2142 0.6354 5 1.898 2.716 4.605
16801 0.1680 4.6128 1.3457 7 1.904 2.805 4.605
16901 0.1690 4.3622 1.6337 6 1.911 2.906 4.605
17001 0.1700 3.9296 1.8103 6 1.917 2.909 4.605
17101 0.1710 3.5302 2.0835 7 1.922 2.876 4.605
17201 0.1720 2.9985 1.7431 5 1.926 2.771 4.605
17301 0.1730 3.0054 1.3471 6 1.928 2.567 4.605
17401 0.1740 3.1290 1.1185 5 1.930 2.428 4.605
17501 0.1750 2.8904 1.0080 5 1.930 2.250 4.605
17601 0.1760 2.8695 1.4449 5 1.931 2.167 4.605
17701 0.1770 3.3695 1.8937 6 1.934 2.286 4.605
17801 0.1780 2.9464 2.0190 6 1.937 2.398 4.605
17901 0.1790 3.0126 2.2435 6 1.941 2.446 4.605
18001 0.1800 2.9702 2.3604 6 1.945 2.538 4.605
18101 0.1810 2.7413 2.5151 5 1.949 2.595 4.605
18201 0.1820 2.5925 2.6581 5 1.953 2.620 4.605
18301 0.1830 2.6457 2.6336 8 1.956 2.617 4.605
18401 0.1840 2.5409 2.3700 5 1.959 2.581 4.605
18501 0.1850 2.4863 2.4275 5 1.962 2.531 4.605
18601 0.1860 2.4454 2.5061 5 1.965 2.509 4.605
18701 0.1870 2.4077 2.6146 8 1.968 2.518 4.605
18801 0.1880 2.0443 2.5504 6 1.970 2.467 4.605
18901 0.1890 1.6048 2.6313 5 1.972 2.372 4.605
19001 0.1900 1.2369 2.7822 4 1.973 2.308 4.605
19101 0.1910 1.2174 3.0492 6 1.974 2.231 4.605
19201 0.1920 0.8777 3.0152 4 1.974 2.157 4.605
19301 0.1930 1.1037 2.5354 4 1.974 2.039 4.605
19401 0.1940 1.0421 2.6488 4 1.973 1.954 4.605
19501 0.1950 0.7923 2.7663 3 1.972 1.894 4.605
19601 0.1960 1.0004 2.8114 4 1.971 1.863 4.605
19701 0.1970 1.1781 2.6709 5 1.971 1.863 4.605
19801 0.1980 1.5221 2.8638 4 1.971 1.946 4.605
19901 0.1990 1.7273 2.8497 5 1.972 2.068 4.605
20001 0.2000 1.7328 2.7155 6 1.974 2.144 4.605
