1 0.0000 2.4633 2.4633 0 2.463 2.463 2.463
101 0.0010 2.0774 2.0775 0 2.350 2.411 2.463
201 0.0020 1.4178 1.4177 2 2.041 2.131 2.463
301 0.0030 0.3269 0.9556 2 1.711 1.691 2.463
401 0.0040 -0.2460 0.6436 1 1.401 1.206 2.463
501 0.0050 -0.4430 0.4341 2 1.208 0.903 2.463
601 0.0060 -0.6055 0.2919 2 1.082 0.724 2.463
701 0.0070 -0.6064 0.1968 2 0.988 0.606 2.463
801 0.0080 -0.7495 0.1325 1 0.917 0.533 2.463
901 0.0090 -0.9052 0.0893 2 0.866 0.503 2.463
1001 0.0100 -0.7755 0.0667 4 0.825 0.482 2.463
1101 0.0110 -0.9604 0.0135 2 0.791 0.470 2.463
1201 0.0120 -1.1892 0.0056 1 0.770 0.503 2.463
1301 0.0130 -1.2669 -0.0117 3 0.759 0.550 2.463
1401 0.0140 -1.5435 -0.1955 3 0.761 0.647 2.463
1501 0.0150 -1.5541 -0.0044 0 0.765 0.712 2.463
1601 0.0160 -1.4151 0.0014 3 0.765 0.738 2.463
1701 0.0170 -1.1488 -0.1024 3 0.759 0.706 2.463
1801 0.0180 -1.2821 -0.1747 3 0.755 0.701 2.463
1901 0.0190 -0.9911 -0.2409 3 0.750 0.682 2.463
2001 0.0200 -0.9666 -0.4380 4 0.745 0.667 2.463
2101 0.0210 -1.1452 -0.5134 5 0.746 0.711 2.463
2201 0.0220 -1.0702 -0.9607 7 0.754 0.801 2.463
2301 0.0230 -0.9894 -0.7544 5 0.763 0.860 2.463
2401 0.0240 -0.9405 -0.8659 3 0.768 0.868 2.463
2501 0.0250 -0.9590 -0.7715 3 0.773 0.875 2.463
2601 0.0260 -0.9032 -0.6863 3 0.775 0.852 2.463
2701 0.0270 -1.0777 -0.5701 4 0.775 0.822 2.463
2801 0.0280 -1.1008 -0.9377 4 0.781 0.876 2.463
2901 0.0290 -0.9358 -0.9052 3 0.788 0.915 2.463
3001 0.0300 -0.8571 -0.9852 4 0.791 0.902 2.463
3101 0.0310 -1.0001 -1.4258 5 0.802 0.993 2.463
3201 0.0320 -0.8354 -1.4865 5 0.812 1.055 2.463
3301 0.0330 -0.7911 -1.3885 5 0.822 1.077 2.463
3401 0.0340 -0.6265 -1.3402 4 0.828 1.057 2.463
3501 0.0350 -0.6002 -0.9888 2 0.829 0.988 2.463
3601 0.0360 -0.5702 -0.7204 3 0.826 0.873 2.463
3701 0.0370 -0.6548 -0.5080 2 0.820 0.761 2.463
3801 0.0380 -0.4549 -0.5395 2 0.813 0.683 2.463
3901 0.0390 -0.3391 -0.3995 5 0.802 0.570 2.463
4001 0.0400 -0.1680 -0.6668 8 0.792 0.492 2.463
4101 0.0410 -0.5963 -0.9712 8 0.787 0.536 2.463
4201 0.0420 -0.7308 -1.2052 6 0.790 0.686 2.463
4301 0.0430 -0.5063 -0.9323 5 0.791 0.747 2.463
4401 0.0440 -0.4173 -0.5840 4 0.786 0.674 2.463
4501 0.0450 -0.2936 -0.6507 6 0.779 0.602 2.463
4601 0.0460 -0.4289 -0.7632 4 0.773 0.561 2.463
4701 0.0470 -0.8320 -0.7749 5 0.771 0.606 2.463
4801 0.0480 -1.4158 -1.2230 5 0.777 0.787 2.463
4901 0.0490 -1.5662 -1.3553 7 0.789 1.029 2.463
5001 0.0500 -1.4984 -1.5616 6 0.803 1.216 2.463
5101 0.0510 -1.2411 -1.6933 7 0.817 1.335 2.463
5201 0.0520 -1.2564 -1.4791 7 0.829 1.371 2.463
5301 0.0530 -1.6050 -1.3056 5 0.839 1.366 2.463
5401 0.0540 -1.6150 -1.2051 7 0.850 1.381 2.463
5501 0.0550 -1.5391 -1.6210 5 0.862 1.435 2.463
5601 0.0560 -1.6488 -1.5701 5 0.874 1.492 2.463
5701 0.0570 -1.7229 -1.3883 8 0.888 1.544 2.463
5801 0.0580 -1.3152 -1.3982 7 0.898 1.508 2.463
5901 0.0590 -1.0390 -1.4305 7 0.904 1.424 2.463
6001 0.0600 -1.3721 -1.8496 6 0.912 1.410 2.463
6101 0.0610 -1.2494 -2.0843 4 0.925 1.514 2.463
6201 0.0620 -1.2183 -2.0827 6 0.936 1.559 2.463
6301 0.0630 -1.1243 -2.3351 5 0.949 1.644 2.463
6401 0.0640 -0.9992 -2.3287 4 0.961 1.655 2.463
6501 0.0650 -0.9142 -2.3683 5 0.971 1.644 2.463
6601 0.0660 -0.8547 -2.4258 5 0.981 1.641 2.463
6701 0.0670 -1.0337 -3.0192 7 0.994 1.725 2.463
6801 0.0680 -1.0743 -3.3048 6 1.011 1.898 2.463
6901 0.0690 -0.7214 -3.2376 7 1.026 1.958 2.463
7001 0.0700 -0.5898 -2.6201 6 1.037 1.886 2.463
7101 0.0710 -0.5649 -2.6795 4 1.045 1.770 2.463
7201 0.0720 -0.4156 -2.4092 4 1.052 1.676 2.463
7301 0.0730 -0.5994 -2.2227 5 1.056 1.558 2.463
7401 0.0740 -0.6985 -1.9865 6 1.061 1.503 2.463
7501 0.0750 -0.9371 -1.9434 5 1.065 1.446 2.463
7601 0.0760 -1.8484 -2.1746 5 1.073 1.557 2.463
7701 0.0770 -2.8109 -1.9460 6 1.088 1.821 2.463
7801 0.0780 -3.1875 -1.6722 5 1.105 2.060 2.463
7901 0.0790 -3.2279 -1.4596 6 1.121 2.178 2.463
8001 0.0800 -3.6004 -1.5738 8 1.137 2.279 2.587
8101 0.0810 -3.9308 -1.3744 6 1.156 2.428 2.677
8201 0.0820 -4.1374 -1.8982 7 1.176 2.575 3.018
8301 0.0830 -4.1955 -2.4976 6 1.201 2.832 3.347
8401 0.0840 -4.2962 -2.3365 5 1.227 3.054 3.447
8501 0.0850 -3.7094 -2.0765 5 1.249 3.067 3.447
8601 0.0860 -4.1023 -1.7177 6 1.268 3.002 3.447
8701 0.0870 -4.6708 -1.6056 5 1.288 3.006 3.447
8801 0.0880 -4.4301 -1.8571 6 1.309 3.070 3.447
8901 0.0890 -4.5045 -2.1809 4 1.330 3.120 3.447
9001 0.0900 -4.2525 -2.2629 5 1.353 3.209 3.447
9101 0.0910 -4.1749 -2.0689 6 1.373 3.185 3.447
9201 0.0920 -4.3230 -2.2065 4 1.392 3.192 3.447
9301 0.0930 -3.9373 -2.3364 8 1.412 3.199 3.447
9401 0.0940 -4.8786 -2.6880 4 1.433 3.296 3.783
9501 0.0950 -5.2257 -2.5957 6 1.459 3.535 3.931
9601 0.0960 -5.0558 -2.7096 7 1.484 3.662 3.931
9701 0.0970 -4.5303 -2.8631 5 1.508 3.720 3.931
9801 0.0980 -4.4405 -2.5746 8 1.529 3.646 3.931
9901 0.0990 -4.8662 -2.6294 9 1.550 3.647 3.931
10001 0.1000 -5.0191 -2.8237 8 1.573 3.724 3.931
10101 0.1010 -4.9684 -3.0874 9 1.597 3.830 4.030
10201 0.1020 -5.3062 -3.0724 7 1.621 3.930 4.189
10301 0.1030 -5.5923 -2.8469 7 1.647 4.055 4.276
10401 0.1040 -5.6652 -2.7753 6 1.672 4.116 4.276
10501 0.1050 -5.5583 -3.2780 6 1.697 4.199 4.422
10601 0.1060 -4.9567 -3.0279 4 1.721 4.202 4.422
10701 0.1070 -4.7086 -3.0761 5 1.741 4.087 4.422
10801 0.1080 -4.4714 -2.8492 6 1.760 3.962 4.422
10901 0.1090 -4.3599 -2.5774 8 1.777 3.806 4.422
11001 0.1100 -4.0132 -2.5861 7 1.791 3.630 4.422
11101 0.1110 -3.5821 -2.9618 4 1.805 3.497 4.422
11201 0.1120 -2.9284 -2.5682 6 1.816 3.310 4.422
11301 0.1130 -2.5313 -2.4590 4 1.823 3.027 4.422
11401 0.1140 -2.6569 -2.3705 6 1.828 2.807 4.422
11501 0.1150 -2.8055 -2.2759 7 1.835 2.705 4.422
11601 0.1160 -3.0361 -2.3814 7 1.841 2.670 4.422
11701 0.1170 -3.0556 -2.9678 7 1.850 2.743 4.422
11801 0.1180 -2.9186 -3.8052 7 1.861 2.940 4.422
11901 0.1190 -2.8606 -3.9894 6 1.874 3.128 4.422
12001 0.1200 -2.8605 -3.7373 5 1.887 3.211 4.422
12101 0.1210 -2.8614 -3.6406 5 1.898 3.219 4.422
12201 0.1220 -2.8931 -3.4442 8 1.909 3.211 4.422
12301 0.1230 -2.9643 -4.2503 5 1.921 3.297 4.422
12401 0.1240 -2.9176 -4.4898 3 1.935 3.443 4.422
12501 0.1250 -2.6720 -5.2912 5 1.951 3.635 4.422
12601 0.1260 -2.1177 -4.4780 6 1.964 3.628 4.422
12701 0.1270 -2.7380 -3.7612 7 1.974 3.472 4.422
12801 0.1280 -3.0989 -3.6277 7 1.985 3.408 4.422
12901 0.1290 -3.2632 -3.2018 5 1.995 3.372 4.422
13001 0.1300 -3.3358 -2.7964 8 2.004 3.284 4.422
13101 0.1310 -3.6853 -2.5353 7 2.012 3.208 4.422
13201 0.1320 -3.9292 -2.4784 3 2.020 3.169 4.422
13301 0.1330 -3.6774 -2.5387 7 2.029 3.179 4.422
13401 0.1340 -3.5615 -3.2997 6 2.038 3.215 4.422
13501 0.1350 -3.5292 -3.1753 4 2.049 3.307 4.422
13601 0.1360 -3.2855 -3.1250 5 2.058 3.278 4.422
13701 0.1370 -3.0564 -2.5634 5 2.065 3.176 4.422
13801 0.1380 -2.9236 -2.3448 4 2.069 2.987 4.422
13901 0.1390 -2.8306 -2.0941 5 2.073 2.799 4.422
14001 0.1400 -2.8553 -1.9177 7 2.075 2.651 4.422
14101 0.1410 -2.7775 -1.8294 5 2.077 2.525 4.422
14201 0.1420 -2.4505 -1.6610 5 2.078 2.401 4.422
14301 0.1430 -2.5199 -1.6836 4 2.078 2.252 4.422
14401 0.1440 -2.5172 -1.8479 4 2.078 2.223 4.422
14501 0.1450 -2.5291 -1.6653 6 2.079 2.186 4.422
14601 0.1460 -2.2540 -2.2024 4 2.079 2.174 4.422
14701 0.1470 -1.5085 -2.8905 5 2.080 2.210 4.422
14801 0.1480 -1.3079 -2.8861 5 2.081 2.192 4.422
14901 0.1490 -1.1374 -2.9097 6 2.081 2.130 4.422
15001 0.1500 -1.2544 -3.0635 6 2.081 2.126 4.422
15101 0.1510 -1.1484 -2.6214 6 2.081 2.079 4.422
15201 0.1520 -1.2004 -2.4140 6 2.079 1.977 4.422
15301 0.1530 -1.3098 -2.2384 7 2.077 1.901 4.422
15401 0.1540 -1.3974 -1.7498 7 2.075 1.831 4.422
15501 0.1550 -0.9217 -1.5659 6 2.070 1.658 4.422
15601 0.1560 -0.6789 -1.5710 7 2.065 1.458 4.422
15701 0.1570 -1.2924 -1.4718 5 2.059 1.359 4.422
15801 0.1580 -1.6442 -2.0417 3 2.056 1.476 4.422
15901 0.1590 -2.2022 -2.7022 7 2.057 1.751 4.422
16001 0.1600 -2.6578 -2.3941 7 2.060 2.070 4.422
16101 0.1610 -2.5350 -2.0813 6 2.062 2.209 4.422
16201 0.1620 -2.4736 -2.4490 6 2.064 2.285 4.422
16301 0.1630 -2.5429 -2.5622 7 2.067 2.379 4.422
16401 0.1640 -2.2059 -2.6368 5 2.070 2.427 4.422
16501 0.1650 -2.2191 -2.4086 4 2.072 2.393 4.422
16601 0.1660 -2.0254 -2.1339 4 2.072 2.302 4.422
16701 0.1670 -1.9672 -1.8101 6 2.072 2.173 4.422
16801 0.1680 -2.0157 -1.6283 6 2.070 2.043 4.422
16901 0.1690 -1.9967 -1.5645 6 2.068 1.926 4.422
17001 0.1700 -2.2098 -1.5269 7 2.067 1.888 4.422
17101 0.1710 -2.4916 -1.7671 8 2.067 1.943 4.422
17201 0.1720 -2.7251 -2.4079 5 2.068 2.102 4.422
17301 0.1730 -2.4536 -2.8282 4 2.072 2.328 4.422
17401 0.1740 -2.0431 -2.7300 4 2.074 2.393 4.422
17501 0.1750 -1.8444 -2.6979 4 2.076 2.365 4.422
17601 0.1760 -1.6633 -2.6146 3 2.076 2.299 4.422
17701 0.1770 -1.6424 -2.3219 4 2.076 2.191 4.422
17801 0.1780 -1.9106 -2.0512 4 2.076 2.123 4.422
17901 0.1790 -2.1966 -1.9329 6 2.075 2.078 4.422
18001 0.1800 -2.2135 -1.9121 4 2.075 2.087 4.422
18101 0.1810 -2.4437 -1.7783 4 2.075 2.054 4.422
18201 0.1820 -3.0619 -1.5357 5 2.076 2.129 4.422
18301 0.1830 -3.2617 -1.1287 7 2.077 2.175 4.422
18401 0.1840 -3.3992 -1.0690 7 2.078 2.202 4.422
18501 0.1850 -3.4743 -1.1318 6 2.079 2.238 4.422
18601 0.1860 -3.4727 -1.0588 5 2.080 2.263 4.422
18701 0.1870 -3.5092 -0.8324 6 2.081 2.251 4.422
18801 0.1880 -3.5392 -1.0458 6 2.082 2.247 4.422
18901 0.1890 -3.5430 -0.8425 6 2.083 2.253 4.422
19001 0.1900 -3.7234 -1.0407 5 2.084 2.278 4.422
19101 0.1910 -3.5176 -0.8158 7 2.085 2.264 4.422
19201 0.1920 -3.6598 -1.1776 6 2.086 2.300 4.422
19301 0.1930 -3.2910 -1.2069 8 2.087 2.295 4.422
19401 0.1940 -3.1817 -1.2982 6 2.088 2.279 4.422
19501 0.1950 -3.3256 -1.0867 6 2.089 2.254 4.422
19601 0.1960 -3.5232 -1.2292 5 2.090 2.266 4.422
19701 0.1970 -4.1247 -1.9458 5 2.093 2.428 4.422
19801 0.1980 -4.3880 -2.5892 6 2.099 2.790 4.422
19901 0.1990 -4.1881 -2.8311 6 2.106 3.072 4.422
20001 0.2000 -4.2020 -5.0024 7 2.115 3.451 4.602
