1 0.0000 2.4633 2.4633 0 2.463 2.463 2.463
101 0.0010 2.1033 2.0531 0 2.383 2.423 3.709
201 0.0020 1.4020 1.4342 0 2.059 2.139 3.709
301 0.0030 0.9467 0.9370 0 1.763 1.747 3.709
401 0.0040 0.6319 0.6305 0 1.518 1.362 3.709
501 0.0050 0.4279 0.4249 0 1.319 1.027 3.709
601 0.0060 0.2881 0.2863 0 1.158 0.759 3.709
701 0.0070 0.1943 0.1926 0 1.027 0.551 3.709
801 0.0080 0.1308 0.1297 0 0.918 0.396 3.709
901 0.0090 0.0881 0.0875 0 0.828 0.281 3.709
1001 0.0100 0.0594 0.0590 0 0.753 0.199 3.709
1101 0.0110 0.0399 0.0396 0 0.689 0.139 3.709
1201 0.0120 0.0271 0.0269 0 0.634 0.097 3.709
1301 0.0130 0.0182 0.0180 0 0.587 0.067 3.709
1401 0.0140 0.0122 0.0121 0 0.546 0.047 3.709
1501 0.0150 0.0083 0.0082 0 0.511 0.032 3.709
1601 0.0160 0.0056 0.0055 0 0.479 0.022 3.709
1701 0.0170 0.0038 0.0038 0 0.451 0.015 3.709
1801 0.0180 0.0026 0.0027 0 0.426 0.010 3.709
1901 0.0190 0.0020 0.0020 0 0.404 0.007 3.709
2001 0.0200 0.0015 0.0017 0 0.384 0.005 3.709
2101 0.0210 0.0013 0.0013 0 0.366 0.004 3.709
2201 0.0220 0.0011 0.0011 0 0.349 0.003 3.709
2301 0.0230 0.0010 0.0010 0 0.334 0.002 3.709
2401 0.0240 0.0009 0.0009 0 0.320 0.002 3.709
2501 0.0250 0.0009 0.0009 0 0.307 0.001 3.709
2601 0.0260 0.0009 0.0009 0 0.296 0.001 3.709
2701 0.0270 0.0009 0.0009 0 0.285 0.001 3.709
2801 0.0280 0.0009 0.0009 0 0.275 0.001 3.709
2901 0.0290 0.0009 0.0009 0 0.265 0.001 3.709
3001 0.0300 0.0009 0.0009 0 0.256 0.001 3.709
3101 0.0310 0.0009 0.0009 0 0.248 0.001 3.709
3201 0.0320 0.0009 0.0009 0 0.240 0.001 3.709
3301 0.0330 0.0009 0.0008 0 0.233 0.001 3.709
3401 0.0340 0.0009 0.0008 0 0.226 0.001 3.709
3501 0.0350 0.0009 0.0008 0 0.220 0.001 3.709
3601 0.0360 0.0009 0.0008 0 0.214 0.001 3.709
3701 0.0370 0.0009 0.0008 0 0.208 0.001 3.709
3801 0.0380 0.0009 0.0008 0 0.203 0.001 3.709
3901 0.0390 0.0009 0.0007 0 0.197 0.001 3.709
4001 0.0400 0.0009 0.0007 0 0.193 0.001 3.709
4101 0.0410 0.0009 0.0007 0 0.188 0.001 3.709
4201 0.0420 0.0009 0.0007 0 0.183 0.001 3.709
4301 0.0430 0.0008 0.0007 0 0.179 0.001 3.709
4401 0.0440 0.0008 0.0007 0 0.175 0.001 3.709
4501 0.0450 0.0008 0.0007 0 0.171 0.001 3.709
4601 0.0460 0.0008 0.0007 0 0.168 0.001 3.709
4701 0.0470 0.0008 0.0007 0 0.164 0.001 3.709
4801 0.0480 0.0008 0.0007 0 0.161 0.001 3.709
4901 0.0490 0.0008 0.0007 0 0.157 0.001 3.709
5001 0.0500 0.0008 0.0007 0 0.154 0.001 3.709
5101 0.0510 0.0008 0.0007 0 0.151 0.001 3.709
5201 0.0520 0.0008 0.0007 0 0.148 0.001 3.709
5301 0.0530 0.0008 0.0007 0 0.145 0.001 3.709
5401 0.0540 0.0008 0.0007 0 0.143 0.001 3.709
5501 0.0550 0.0008 0.0007 0 0.140 0.001 3.709
5601 0.0560 0.0008 0.0007 0 0.138 0.001 3.709
5701 0.0570 0.0008 0.0007 0 0.135 0.001 3.709
5801 0.0580 0.0008 0.0007 0 0.133 0.001 3.709
5901 0.0590 0.0008 0.0007 0 0.131 0.001 3.709
6001 0.0600 0.0008 0.0007 0 0.129 0.001 3.709
6101 0.0610 0.0008 0.0007 0 0.127 0.001 3.709
6201 0.0620 0.0008 0.0007 0 0.124 0.001 3.709
6301 0.0630 0.0008 0.0007 0 0.123 0.001 3.709
6401 0.0640 0.0008 0.0007 0 0.121 0.001 3.709
6501 0.0650 0.0008 0.0007 0 0.119 0.001 3.709
6601 0.0660 0.0008 0.0007 0 0.117 0.001 3.709
6701 0.0670 0.0008 0.0007 0 0.115 0.001 3.709
6801 0.0680 0.0008 0.0007 0 0.114 0.001 3.709
6901 0.0690 0.0008 0.0007 0 0.112 0.001 3.709
7001 0.0700 0.0008 0.0007 0 0.110 0.001 3.709
7101 0.0710 0.0008 0.0007 0 0.109 0.001 3.709
7201 0.0720 0.0008 0.0007 0 0.107 0.001 3.709
7301 0.0730 0.0008 0.0007 0 0.106 0.001 3.709
7401 0.0740 0.0008 0.0007 0 0.104 0.001 3.709
7501 0.0750 0.0008 0.0007 0 0.103 0.001 3.709
7601 0.0760 0.0008 0.0007 0 0.102 0.001 3.709
7701 0.0770 0.0008 0.0007 0 0.100 0.001 3.709
7801 0.0780 0.0008 0.0007 0 0.099 0.001 3.709
7901 0.0790 0.0008 0.0007 0 0.098 0.001 3.709
8001 0.0800 0.0008 0.0007 0 0.097 0.001 3.709
8101 0.0810 0.0008 0.0007 0 0.095 0.001 3.709
8201 0.0820 0.0008 0.0007 0 0.094 0.001 3.709
8301 0.0830 0.0008 0.0007 0 0.093 0.001 3.709
8401 0.0840 0.0008 0.0007 0 0.092 0.001 3.709
8501 0.0850 0.0008 0.0007 0 0.091 0.001 3.709
8601 0.0860 0.0008 0.0007 0 0.090 0.001 3.709
8701 0.0870 0.0007 0.0007 0 0.089 0.001 3.709
8801 0.0880 0.0007 0.0007 0 0.088 0.001 3.709
8901 0.0890 0.0007 0.0007 0 0.087 0.001 3.709
9001 0.0900 0.0007 0.0007 0 0.086 0.001 3.709
9101 0.0910 0.0007 0.0007 0 0.085 0.001 3.709
9201 0.0920 0.0007 0.0007 0 0.084 0.001 3.709
9301 0.0930 0.0007 0.0007 0 0.083 0.001 3.709
9401 0.0940 0.0007 0.0007 0 0.082 0.001 3.709
9501 0.0950 0.0007 0.0007 0 0.081 0.001 3.709
9601 0.0960 0.0007 0.0007 0 0.081 0.001 3.709
9701 0.0970 0.0007 0.0005 0 0.080 0.001 3.709
9801 0.0980 0.0007 0.0005 0 0.079 0.001 3.709
9901 0.0990 0.0007 0.0005 0 0.078 0.001 3.709
10001 0.1000 0.0007 0.0005 0 0.077 0.001 3.709
10101 0.1010 0.0007 0.0005 0 0.077 0.001 3.709
10201 0.1020 0.0007 0.0005 0 0.076 0.001 3.709
10301 0.1030 0.0007 0.0005 0 0.075 0.001 3.709
10401 0.1040 0.0007 0.0005 0 0.074 0.001 3.709
10501 0.1050 0.0007 0.0005 0 0.074 0.001 3.709
10601 0.1060 0.0007 0.0005 0 0.073 0.001 3.709
10701 0.1070 0.0007 0.0005 0 0.072 0.001 3.709
10801 0.1080 0.0007 0.0005 0 0.072 0.001 3.709
10901 0.1090 0.0007 0.0005 0 0.071 0.001 3.709
11001 0.1100 0.0007 0.0005 0 0.070 0.001 3.709
11101 0.1110 0.0007 0.0005 0 0.070 0.001 3.709
11201 0.1120 0.0007 0.0005 0 0.069 0.001 3.709
11301 0.1130 0.0007 0.0005 0 0.069 0.001 3.709
11401 0.1140 0.0007 0.0005 0 0.068 0.001 3.709
11501 0.1150 0.0007 0.0005 0 0.067 0.001 3.709
11601 0.1160 0.0007 0.0005 0 0.067 0.001 3.709
11701 0.1170 0.0007 0.0005 0 0.066 0.001 3.709
11801 0.1180 0.0007 0.0005 0 0.066 0.001 3.709
11901 0.1190 0.0007 0.0005 0 0.065 0.001 3.709
12001 0.1200 0.0007 0.0005 0 0.065 0.001 3.709
12101 0.1210 0.0007 0.0005 0 0.064 0.001 3.709
12201 0.1220 0.0007 0.0005 0 0.064 0.001 3.709
12301 0.1230 0.0007 0.0005 0 0.063 0.001 3.709
12401 0.1240 0.0007 0.0005 0 0.063 0.001 3.709
12501 0.1250 0.0007 0.0005 0 0.062 0.001 3.709
12601 0.1260 0.0007 0.0005 0 0.062 0.001 3.709
12701 0.1270 0.0007 0.0005 0 0.061 0.001 3.709
12801 0.1280 0.0007 0.0005 0 0.061 0.001 3.709
12901 0.1290 0.0007 0.0005 0 0.060 0.001 3.709
13001 0.1300 0.0007 0.0005 0 0.060 0.001 3.709
13101 0.1310 0.0007 0.0005 0 0.059 0.001 3.709
13201 0.1320 0.0007 0.0005 0 0.059 0.001 3.709
13301 0.1330 0.0007 0.0005 0 0.058 0.001 3.709
13401 0.1340 0.0007 0.0005 0 0.058 0.001 3.709
13501 0.1350 0.0007 0.0005 0 0.058 0.001 3.709
13601 0.1360 0.0007 0.0005 0 0.057 0.001 3.709
13701 0.1370 0.0007 0.0005 0 0.057 0.001 3.709
13801 0.1380 0.0007 0.0005 0 0.056 0.001 3.709
13901 0.1390 0.0007 0.0005 0 0.056 0.001 3.709
14001 0.1400 0.0007 0.0005 0 0.055 0.001 3.709
14101 0.1410 0.0007 0.0005 0 0.055 0.001 3.709
14201 0.1420 0.0007 0.0005 0 0.055 0.001 3.709
14301 0.1430 0.0007 0.0005 0 0.054 0.001 3.709
14401 0.1440 0.0007 0.0005 0 0.054 0.001 3.709
14501 0.1450 0.0007 0.0005 0 0.054 0.001 3.709
14601 0.1460 0.0007 0.0005 0 0.053 0.001 3.709
14701 0.1470 0.0007 0.0005 0 0.053 0.001 3.709
14801 0.1480 0.0007 0.0005 0 0.053 0.001 3.709
14901 0.1490 0.0007 0.0005 0 0.052 0.001 3.709
15001 0.1500 0.0007 0.0005 0 0.052 0.001 3.709
15101 0.1510 0.0007 0.0005 0 0.051 0.001 3.709
15201 0.1520 0.0007 0.0005 0 0.051 0.001 3.709
15301 0.1530 0.0007 0.0005 0 0.051 0.001 3.709
15401 0.1540 0.0007 0.0005 0 0.050 0.001 3.709
15501 0.1550 0.0007 0.0005 0 0.050 0.001 3.709
15601 0.1560 0.0007 0.0005 0 0.050 0.001 3.709
15701 0.1570 0.0007 0.0005 0 0.050 0.001 3.709
15801 0.1580 0.0007 0.0005 0 0.049 0.001 3.709
15901 0.1590 0.0007 0.0005 0 0.049 0.001 3.709
16001 0.1600 0.0007 0.0005 0 0.049 0.001 3.709
16101 0.1610 0.0007 0.0005 0 0.048 0.001 3.709
16201 0.1620 0.0007 0.0005 0 0.048 0.001 3.709
16301 0.1630 0.0007 0.0005 0 0.048 0.001 3.709
16401 0.1640 0.0007 0.0005 0 0.047 0.001 3.709
16501 0.1650 0.0007 0.0005 0 0.047 0.001 3.709
16601 0.1660 0.0007 0.0005 0 0.047 0.001 3.709
16701 0.1670 0.0007 0.0005 0 0.047 0.001 3.709
16801 0.1680 0.0007 0.0005 0 0.046 0.001 3.709
16901 0.1690 0.0007 0.0005 0 0.046 0.001 3.709
17001 0.1700 0.0007 0.0005 0 0.046 0.001 3.709
17101 0.1710 0.0007 0.0005 0 0.046 0.001 3.709
17201 0.1720 0.0007 0.0005 0 0.045 0.001 3.709
17301 0.1730 0.0007 0.0005 0 0.045 0.001 3.709
17401 0.1740 0.0007 0.0005 0 0.045 0.001 3.709
17501 0.1750 0.0007 0.0005 0 0.045 0.001 3.709
17601 0.1760 0.0007 0.0005 0 0.044 0.001 3.709
17701 0.1770 0.0007 0.0005 0 0.044 0.001 3.709
17801 0.1780 0.0007 0.0005 0 0.044 0.001 3.709
17901 0.1790 0.0007 0.0005 0 0.044 0.001 3.709
18001 0.1800 0.0007 0.0005 0 0.043 0.001 3.709
18101 0.1810 0.0007 0.0005 0 0.043 0.001 3.709
18201 0.1820 0.0007 0.0005 0 0.043 0.001 3.709
18301 0.1830 0.0007 0.0005 0 0.043 0.001 3.709
18401 0.1840 0.0007 0.0005 0 0.042 0.001 3.709
18501 0.1850 0.0007 0.0005 0 0.042 0.001 3.709
18601 0.1860 0.0007 0.0005 0 0.042 0.001 3.709
18701 0.1870 0.0007 0.0005 0 0.042 0.001 3.709
18801 0.1880 0.0007 0.0005 0 0.041 0.001 3.709
18901 0.1890 0.0007 0.0005 0 0.041 0.001 3.709
19001 0.1900 0.0007 0.0005 0 0.041 0.001 3.709
19101 0.1910 0.0007 0.0005 0 0.041 0.001 3.709
19201 0.1920 0.0007 0.0005 0 0.041 0.001 3.709
19301 0.1930 0.0007 0.0005 0 0.040 0.001 3.709
19401 0.1940 0.0007 0.0005 0 0.040 0.001 3.709
19501 0.1950 0.0007 0.0005 0 0.040 0.001 3.709
19601 0.1960 0.0007 0.0005 0 0.040 0.001 3.709
19701 0.1970 0.0007 0.0005 0 0.040 0.001 3.709
19801 0.1980 0.0007 0.0005 0 0.039 0.001 3.709
19901 0.1990 0.0007 0.0005 0 0.039 0.001 3.709
20001 0.2000 0.0007 0.0005 0 0.039 0.001 3.709
